-0.822 -10.735 -0.541
-0.876 -9.299 0.009
0.391 -8.482 -0.306
0.349 -7.046 0.248
1.616 -6.232 -0.079
1.648 -4.816 0.535
0.596 -3.849 -0.043
0.685 -2.434 0.561
-0.358 -1.460 -0.018
-0.288 -0.055 0.610
-1.350 0.905 0.029
-1.406 2.294 0.697
-0.687 3.449 -0.044
0.754 3.093 -0.343
-1.406 3.764 -1.342
-0.745 4.695 0.916
-0.152 5.967 0.374
1.204 6.277 0.597
1.746 7.480 0.127
0.935 8.391 -0.562
-0.421 8.105 -0.770
-0.962 6.903 -0.300
-1.737 -11.289 -0.303
0.025 -11.288 -0.116
-0.705 -10.735 -1.633
-1.025 -9.330 1.099
-1.753 -8.780 -0.408
1.269 -9.005 0.105
0.537 -8.447 -1.397
0.218 -7.084 1.342
-0.540 -6.537 -0.154
1.729 -6.156 -1.172
2.494 -6.789 0.281
2.648 -4.384 0.379
1.510 -4.894 1.625
0.725 -3.787 -1.135
-0.413 -4.248 0.130
1.696 -2.030 0.392
0.555 -2.499 1.653
-1.366 -1.874 0.135
-0.217 -1.383 -1.107
0.723 0.352 0.469
-0.441 -0.138 1.696
-2.338 0.446 0.165
-1.223 0.988 -1.058
-0.952 2.257 1.692
-2.437 2.640 0.807
0.777 2.234 -1.012
1.260 2.849 0.593
1.234 3.948 -0.817
-1.380 2.887 -1.987
-0.904 4.599 -1.828
-2.440 4.029 -1.118
-0.228 4.366 1.820
-1.808 4.816 1.143
1.835 5.593 1.159
2.789 7.710 0.312
1.353 9.326 -0.920
-1.057 8.820 -1.281
-2.022 6.704 -0.439
