Run semi-empirical minimization
 &qmmm
    qm_theory='AM1', grms_tol=0.0005,
 scfconv=1.d-10, ndiis_attempts=700,   qmcharge=1,
 /
   6     C        1.5660       -9.0650       -0.6710 
   6    C1        1.1100       -7.7360       -0.0440 
   6    C2       -0.3660       -7.4110       -0.3430 
   6    C3       -0.8900       -6.1220        0.3260 
   6    C4       -0.2630       -4.8220       -0.2140 
   6    C5       -0.8460       -3.5530        0.4360 
   6    C6       -0.2270       -2.2510       -0.1060 
   6    C7       -0.7990       -0.9820        0.5530 
   6    C8       -0.1780        0.3160        0.0050 
   6    C9       -0.7420        1.5840        0.6760 
   6   C10       -0.1150        2.8770        0.1140 
   6   C11       -0.6840        4.1230        0.8120 
   7     N       -0.0910        5.3970        0.2670 
   6   C12        1.0710        5.8770        0.7940 
   6   C13        1.6630        7.0220        0.2750 
   6   C14        1.0550        7.6840       -0.8010 
   6   C15       -0.1390        7.1760       -1.3300 
   6   C16       -0.6960        6.0280       -0.7800 
   1     H        0.9670       -9.9050       -0.2950 
   1    H1        2.6180       -9.2760       -0.4420 
   1    H2        1.4600       -9.0430       -1.7630 
   1    H3        1.2540       -7.7780        1.0470 
   1    H4        1.7550       -6.9250       -0.4110 
   1    H5       -0.9850       -8.2580       -0.0090 
   1    H6       -0.5090       -7.3380       -1.4330 
   1    H7       -0.7180       -6.1840        1.4130 
   1    H8       -1.9810       -6.0700        0.1900 
   1    H9        0.8250       -4.8380       -0.0540 
   1   H10       -0.4160       -4.7750       -1.3040 
   1   H11       -0.6920       -3.6020        1.5250 
   1   H12       -1.9350       -3.5320        0.2780 
   1   H13       -0.3870       -2.2000       -1.1940 
   1   H14        0.8640       -2.2790        0.0450 
   1   H15       -1.8890       -0.9560        0.4030 
   1   H16       -0.6360       -1.0340        1.6400 
   1   H17       -0.3490        0.3710       -1.0810 
   1   H18        0.9130        0.2850        0.1480 
   1   H19       -0.5650        1.5290        1.7600 
   1   H20       -1.8330        1.6130        0.5360 
   1   H21        0.9750        2.8470        0.2470 
   1   H22       -0.3060        2.9420       -0.9660 
   1   H23       -0.4750        4.1090        1.8850 
   1   H24       -1.7670        4.1950        0.6800 
   1   H25        1.4920        5.3240        1.6240 
   1   H26        2.5840        7.3870        0.7120 
   1   H27        1.5020        8.5800       -1.2170 
   1   H28       -0.6400        7.6620       -2.1590 
   1   H29       -1.6160        5.5890       -1.1440 

