# Reformatted ESP Data
# x-coord      y-coord      z-coord      Potential (a.u.)
 -2.420500 -15.801360  -0.975830   -14.748745
 -2.029400 -12.985350  -1.559320   -14.735078
  0.052910 -11.760020   0.057020   -14.734560
  0.462100  -8.938830  -0.513100   -14.728368
  2.545810  -7.734390   1.120560   -14.723565
  3.136160  -4.951340   0.495660   -14.714693
  0.968970  -3.099080   1.075610   -14.705624
  1.702480  -0.320330   0.633020   -14.690311
 -0.457330   1.542460   1.191960   -14.673196
  0.307520   4.326850   0.816510   -14.646017
 -1.911050   6.150010   1.299630   -14.621688
 -1.332140   8.957850   1.700180   -14.560404
 -0.318720  10.503840  -0.586680   -18.099321
  2.477230  10.008260  -1.026310   -14.566810
 -1.792360   9.908450  -2.971950   -14.564491
 -0.647580  13.293050   0.036550   -14.563670
 -3.908380 -16.613900  -2.152520    -1.082504
 -2.955580 -16.086580   0.998950    -1.082976
 -0.692110 -16.879630  -1.317330    -1.083152
 -3.808060 -11.966180  -1.263100    -1.083977
 -1.558000 -12.756210  -3.562720    -1.084308
 -0.419280 -11.989800   2.061790    -1.080805
  1.831600 -12.780830  -0.237690    -1.081227
 -1.328000  -7.936290  -0.235490    -1.074314
  0.953690  -8.713170  -2.514670    -1.074507
  4.281660  -8.838990   0.896920    -1.071809
  2.023940  -7.887360   3.120550    -1.070691
  3.652030  -4.796850  -1.505960    -1.062055
  4.809240  -4.371950   1.570580    -1.062302
 -0.679110  -3.556970  -0.087440    -1.052856
  0.379670  -3.343000   3.047300    -1.052433
  2.321790  -0.084970  -1.330810    -1.036952
  3.335230   0.148030   1.819800    -1.037660
 -1.104840   1.277330   3.140540    -1.021026
 -2.074550   1.102980  -0.025000    -1.020415
  1.874430   4.773060   2.095690    -0.993228
  1.031240   4.538220  -1.111880    -0.991161
 -2.825020   5.583300   3.069840    -0.965942
 -3.366350   5.908940  -0.146090    -0.968895
  0.066470   9.225320   3.188540    -0.928995
 -3.057220   9.933810   2.258550    -0.930079
  2.761140   8.027560  -1.450370    -0.922592
  3.512560  10.520780   0.670810    -0.920300
  3.105660  11.165100  -2.603070    -0.920330
 -1.429500   7.970300  -3.530210    -0.920430
 -1.177220  11.187670  -4.456460    -0.918773
 -3.795010  10.175140  -2.605510    -0.918868
  0.299480  13.691580   1.814130    -0.918059
  2.650730  13.710300   0.198430    -0.918138
  0.184590  14.414080  -1.469180    -0.917904
