-2.42050 -15.80136  -0.97583     -14.748745
-2.02940 -12.98535  -1.55932     -14.735078
 0.05291 -11.76002   0.05702     -14.734560
 0.46210  -8.93883  -0.51310     -14.728368
 2.54581  -7.73439   1.12056     -14.723565
 3.13616  -4.95134   0.49566     -14.714693
 0.96897  -3.09908   1.07561     -14.705624
 1.70248  -0.32033   0.63302     -14.690311
-0.45733   1.54246   1.19196     -14.673196
 0.30752   4.32685   0.81651     -14.646017
-1.91105   6.15001   1.29963     -14.621688
-1.33214   8.95785   1.70018     -14.560404
-0.31872  10.50384  -0.58668     -18.099321
 2.47723  10.00826  -1.02631     -14.566810
-1.79236   9.90845  -2.97195     -14.564491
-0.64758  13.29305   0.03655     -14.563670
-3.90838 -16.61390  -2.15252      -1.082504
-2.95558 -16.08658   0.99895      -1.082976
-0.69211 -16.87963  -1.31733      -1.083152
-3.80806 -11.96618  -1.26310      -1.083977
-1.55800 -12.75621  -3.56272      -1.084308
-0.41928 -11.98980   2.06179      -1.080805
 1.83160 -12.78083  -0.23769      -1.081227
-1.32800  -7.93629  -0.23549      -1.074314
 0.95369  -8.71317  -2.51467      -1.074507
 4.28166  -8.83899   0.89692      -1.071809
 2.02394  -7.88736   3.12055      -1.070691
 3.65203  -4.79685  -1.50596      -1.062055
 4.80924  -4.37195   1.57058      -1.062302
-0.67911  -3.55697  -0.08744      -1.052856
 0.37967  -3.34300   3.04730      -1.052433
 2.32179  -0.08497  -1.33081      -1.036952
 3.33523   0.14803   1.81980      -1.037660
-1.10484   1.27733   3.14054      -1.021026
-2.07455   1.10298  -0.02500      -1.020415
 1.87443   4.77306   2.09569      -0.993228
 1.03124   4.53822  -1.11188      -0.991161
-2.82502   5.58330   3.06984      -0.965942
-3.36635   5.90894  -0.14609      -0.968895
 0.06647   9.22532   3.18854      -0.928995
-3.05722   9.93381   2.25855      -0.930079
 2.76114   8.02756  -1.45037      -0.922592
 3.51256  10.52078   0.67081      -0.920300
 3.10566  11.16510  -2.60307      -0.920330
-1.42950   7.97030  -3.53021      -0.920430
-1.17722  11.18767  -4.45646      -0.918773
-3.79501  10.17514  -2.60551      -0.918868
 0.29948  13.69158   1.81413      -0.918059
 2.65073  13.71030   0.19843      -0.918138
 0.18459  14.41408  -1.46918      -0.917904
