-0.705 -9.978 -0.451
0.018 -8.771 0.170
-0.493 -7.420 -0.365
0.221 -6.205 0.255
-0.286 -4.854 -0.285
0.423 -3.639 0.342
-0.090 -2.290 -0.195
0.609 -1.073 0.441
0.092 0.274 -0.098
0.777 1.490 0.555
0.253 2.832 0.005
0.935 4.027 0.688
0.451 5.336 0.167
0.852 5.931 -1.030
0.138 7.092 -1.163
-0.693 7.192 -0.047
-0.486 6.117 0.744
-1.635 8.297 0.222
-0.318 -10.924 -0.052
-0.577 -9.997 -1.541
-1.782 -9.944 -0.242
1.098 -8.851 -0.023
-0.103 -8.795 1.264
-0.370 -7.396 -1.459
-1.575 -7.343 -0.174
1.303 -6.286 0.069
0.093 -6.229 1.348
-0.154 -4.829 -1.378
-1.369 -4.776 -0.104
1.506 -3.717 0.157
0.292 -3.669 1.435
-1.174 -2.219 -0.017
0.048 -2.258 -1.287
0.470 -1.105 1.533
1.693 -1.143 0.264
-0.995 0.337 0.066
0.245 0.311 -1.188
1.863 1.425 0.394
0.618 1.452 1.644
0.427 2.877 -1.079
-0.833 2.896 0.158
2.019 4.006 0.539
0.749 4.023 1.766
1.597 5.488 -1.668
0.151 7.842 -1.936
-0.983 5.917 1.678
-2.372 8.353 -0.581
-1.086 9.238 0.293
-2.147 8.107 1.166
