Run semi-empirical minimization
 &qmmm
    qm_theory='AM1', grms_tol=0.0005,
 scfconv=1.d-10, ndiis_attempts=700,   qmcharge=1,
 /
   6     C       -0.8220      -10.7350       -0.5410 
   6    C1       -0.8760       -9.2990        0.0090 
   6    C2        0.3910       -8.4820       -0.3060 
   6    C3        0.3490       -7.0460        0.2480 
   6    C4        1.6160       -6.2320       -0.0790 
   6    C5        1.6480       -4.8160        0.5350 
   6    C6        0.5960       -3.8490       -0.0430 
   6    C7        0.6850       -2.4340        0.5610 
   6    C8       -0.3580       -1.4600       -0.0180 
   6    C9       -0.2880       -0.0550        0.6100 
   6   C10       -1.3500        0.9050        0.0290 
   6   C11       -1.4060        2.2940        0.6970 
   7     N       -0.6870        3.4490       -0.0440 
   6   C12        0.7540        3.0930       -0.3430 
   6   C13       -1.4060        3.7640       -1.3420 
   6   C14       -0.7450        4.6950        0.9160 
   6   C15       -0.1520        5.9670        0.3740 
   6   C16        1.2040        6.2770        0.5970 
   6   C17        1.7460        7.4800        0.1270 
   6   C18        0.9350        8.3910       -0.5620 
   6   C19       -0.4210        8.1050       -0.7700 
   6   C20       -0.9620        6.9030       -0.3000 
   1     H       -1.7370      -11.2890       -0.3030 
   1    H1        0.0250      -11.2880       -0.1160 
   1    H2       -0.7050      -10.7350       -1.6330 
   1    H3       -1.0250       -9.3300        1.0990 
   1    H4       -1.7530       -8.7800       -0.4080 
   1    H5        1.2690       -9.0050        0.1050 
   1    H6        0.5370       -8.4470       -1.3970 
   1    H7        0.2180       -7.0840        1.3420 
   1    H8       -0.5400       -6.5370       -0.1540 
   1    H9        1.7290       -6.1560       -1.1720 
   1   H10        2.4940       -6.7890        0.2810 
   1   H11        2.6480       -4.3840        0.3790 
   1   H12        1.5100       -4.8940        1.6250 
   1   H13        0.7250       -3.7870       -1.1350 
   1   H14       -0.4130       -4.2480        0.1300 
   1   H15        1.6960       -2.0300        0.3920 
   1   H16        0.5550       -2.4990        1.6530 
   1   H17       -1.3660       -1.8740        0.1350 
   1   H18       -0.2170       -1.3830       -1.1070 
   1   H19        0.7230        0.3520        0.4690 
   1   H20       -0.4410       -0.1380        1.6960 
   1   H21       -2.3380        0.4460        0.1650 
   1   H22       -1.2230        0.9880       -1.0580 
   1   H23       -0.9520        2.2570        1.6920 
   1   H24       -2.4370        2.6400        0.8070 
   1   H25        0.7770        2.2340       -1.0120 
   1   H26        1.2600        2.8490        0.5930 
   1   H27        1.2340        3.9480       -0.8170 
   1   H28       -1.3800        2.8870       -1.9870 
   1   H29       -0.9040        4.5990       -1.8280 
   1   H30       -2.4400        4.0290       -1.1180 
   1   H31       -0.2280        4.3660        1.8200 
   1   H32       -1.8080        4.8160        1.1430 
   1   H33        1.8350        5.5930        1.1590 
   1   H34        2.7890        7.7100        0.3120 
   1   H35        1.3530        9.3260       -0.9200 
   1   H36       -1.0570        8.8200       -1.2810 
   1   H37       -2.0220        6.7040       -0.4390 

