Run semi-empirical minimization
 &qmmm
    qm_theory='AM1', grms_tol=0.0005,
 scfconv=1.d-10, ndiis_attempts=700,   qmcharge=1,
 /
   6     C       -0.7050       -9.9780       -0.4510 
   6    C1        0.0180       -8.7710        0.1700 
   6    C2       -0.4930       -7.4200       -0.3650 
   6    C3        0.2210       -6.2050        0.2550 
   6    C4       -0.2860       -4.8540       -0.2850 
   6    C5        0.4230       -3.6390        0.3420 
   6    C6       -0.0900       -2.2900       -0.1950 
   6    C7        0.6090       -1.0730        0.4410 
   6    C8        0.0920        0.2740       -0.0980 
   6    C9        0.7770        1.4900        0.5550 
   6   C10        0.2530        2.8320        0.0050 
   6   C11        0.9350        4.0270        0.6880 
   7     N        0.4510        5.3360        0.1670 
   6   C12        0.8520        5.9310       -1.0300 
   6   C13        0.1380        7.0920       -1.1630 
   7    N1       -0.6930        7.1920       -0.0470 
   6   C14       -0.4860        6.1170        0.7440 
   6   C15       -1.6350        8.2970        0.2220 
   1     H       -0.3180      -10.9240       -0.0520 
   1    H1       -0.5770       -9.9970       -1.5410 
   1    H2       -1.7820       -9.9440       -0.2420 
   1    H3        1.0980       -8.8510       -0.0230 
   1    H4       -0.1030       -8.7950        1.2640 
   1    H5       -0.3700       -7.3960       -1.4590 
   1    H6       -1.5750       -7.3430       -0.1740 
   1    H7        1.3030       -6.2860        0.0690 
   1    H8        0.0930       -6.2290        1.3480 
   1    H9       -0.1540       -4.8290       -1.3780 
   1   H10       -1.3690       -4.7760       -0.1040 
   1   H11        1.5060       -3.7170        0.1570 
   1   H12        0.2920       -3.6690        1.4350 
   1   H13       -1.1740       -2.2190       -0.0170 
   1   H14        0.0480       -2.2580       -1.2870 
   1   H15        0.4700       -1.1050        1.5330 
   1   H16        1.6930       -1.1430        0.2640 
   1   H17       -0.9950        0.3370        0.0660 
   1   H18        0.2450        0.3110       -1.1880 
   1   H19        1.8630        1.4250        0.3940 
   1   H20        0.6180        1.4520        1.6440 
   1   H21        0.4270        2.8770       -1.0790 
   1   H22       -0.8330        2.8960        0.1580 
   1   H23        2.0190        4.0060        0.5390 
   1   H24        0.7490        4.0230        1.7660 
   1   H25        1.5970        5.4880       -1.6680 
   1   H26        0.1510        7.8420       -1.9360 
   1   H27       -0.9830        5.9170        1.6780 
   1   H28       -2.3720        8.3530       -0.5810 
   1   H29       -1.0860        9.2380        0.2930 
   1   H30       -2.1470        8.1070        1.1660 

