Run semi-empirical minimization
 &qmmm
    qm_theory='AM1', grms_tol=0.0005,
 scfconv=1.d-10, ndiis_attempts=700,   qmcharge=1,
 /
   6     C       -1.2260       -8.4340       -0.2030 
   6    C1       -1.1000       -6.9470       -0.5780 
   6    C2        0.1000       -6.2550        0.0960 
   6    C3        0.2340       -4.7620       -0.2600 
   6    C4        1.4120       -4.0750        0.4580 
   6    C5        1.6440       -2.6030        0.0570 
   6    C6        0.4830       -1.6490        0.4000 
   6    C7        0.8350       -0.1680        0.1600 
   6    C8       -0.3440        0.7930        0.3970 
   6    C9        0.0620        2.2760        0.2850 
   6   C10       -1.1490        3.2260        0.3810 
   6   C11       -0.8940        4.6830        0.7870 
   7     N       -0.1320        5.5980       -0.2030 
   6   C12        1.3510        5.2650       -0.2510 
   6   C13       -0.7150        5.5090       -1.6010 
   6   C14       -0.2740        7.0320        0.2940 
   1     H       -2.0920       -8.8980       -0.6900 
   1    H1       -1.3430       -8.5560        0.8820 
   1    H2       -0.3300       -8.9920       -0.5070 
   1    H3       -2.0240       -6.4180       -0.2960 
   1    H4       -1.0080       -6.8500       -1.6700 
   1    H5        0.0060       -6.3590        1.1890 
   1    H6        1.0260       -6.7800       -0.1880 
   1    H7       -0.7060       -4.2500       -0.0080 
   1    H8        0.3650       -4.6580       -1.3490 
   1    H9        2.3310       -4.6440        0.2500 
   1   H10        1.2530       -4.1300        1.5470 
   1   H11        1.8450       -2.5490       -1.0250 
   1   H12        2.5550       -2.2430        0.5600 
   1   H13       -0.4030       -1.9090       -0.1950 
   1   H14        0.2020       -1.7840        1.4570 
   1   H15        1.1960       -0.0430       -0.8730 
   1   H16        1.6720        0.1130        0.8180 
   1   H17       -0.7700        0.6120        1.3960 
   1   H18       -1.1420        0.5740       -0.3290 
   1   H19        0.7830        2.5100        1.0820 
   1   H20        0.5850        2.4200       -0.6710 
   1   H21       -1.8140        2.8550        1.1760 
   1   H22       -1.7410        3.1780       -0.5420 
   1   H23       -0.3240        4.7310        1.7180 
   1   H24       -1.8560        5.1800        0.9380 
   1   H25        1.4830        4.2870       -0.7040 
   1   H26        1.7480        5.2730        0.7640 
   1   H27        1.8430        6.0260       -0.8590 
   1   H28       -0.5440        4.5090       -1.9980 
   1   H29       -0.2130        6.2520       -2.2220 
   1   H30       -1.7830        5.7250       -1.5430 
   1   H31        0.1340        7.0840        1.3040 
   1   H32       -1.3270        7.3110        0.2930 
   1   H33        0.2870        7.6830       -0.3770 

