1.566 -9.065 -0.671
1.110 -7.736 -0.044
-0.366 -7.411 -0.343
-0.890 -6.122 0.326
-0.263 -4.822 -0.214
-0.846 -3.553 0.436
-0.227 -2.251 -0.106
-0.799 -0.982 0.553
-0.178 0.316 0.005
-0.742 1.584 0.676
-0.115 2.877 0.114
-0.684 4.123 0.812
-0.091 5.397 0.267
1.071 5.877 0.794
1.663 7.022 0.275
1.055 7.684 -0.801
-0.139 7.176 -1.330
-0.696 6.028 -0.780
0.967 -9.905 -0.295
2.618 -9.276 -0.442
1.460 -9.043 -1.763
1.254 -7.778 1.047
1.755 -6.925 -0.411
-0.985 -8.258 -0.009
-0.509 -7.338 -1.433
-0.718 -6.184 1.413
-1.981 -6.070 0.190
0.825 -4.838 -0.054
-0.416 -4.775 -1.304
-0.692 -3.602 1.525
-1.935 -3.532 0.278
-0.387 -2.200 -1.194
0.864 -2.279 0.045
-1.889 -0.956 0.403
-0.636 -1.034 1.640
-0.349 0.371 -1.081
0.913 0.285 0.148
-0.565 1.529 1.760
-1.833 1.613 0.536
0.975 2.847 0.247
-0.306 2.942 -0.966
-0.475 4.109 1.885
-1.767 4.195 0.680
1.492 5.324 1.624
2.584 7.387 0.712
1.502 8.580 -1.217
-0.640 7.662 -2.159
-1.616 5.589 -1.144
